42
59
62
69
79
87
89
91
94
95
100
103
117
126
130
146
152
166
180
186
189
203
205
214
218
229
232
238
240
246
250
252
256
258
261
275
305
313
321
324
325
327
337
340
342
346
351
362
372
378
392
393
395
398
411
412
418
421
423
424
431
444
445
454
455
457
462
471
475
481
488
493
494
496
498
505
509
515
516
523
529
541
551
565
574
579
586
599
601
603
605
608
611
616
622
624
635
658
673
679
720
730
746
748
773
774
779
787
792
795
802
816
836
839
845
849
876
878
883
888
889
895
896
900
902
908
916
923
927
933
934
942
946
949
954
958
961
967
985
991
999
