3
4
5
10
14
16
24
35
39
47
49
51
53
55
57
63
65
67
69
71
74
76
79
82
85
87
89
91
95
97
100
101
105
108
111
114
116
119
122
125
131
133
139
143
147
158
160
162
164
166
172
173
177
182
184
186
189
191
193
201
204
208
214
218
220
227
230
234
239
241
243
244
252
260
266
268
273
274
276
280
282
286
288
290
296
297
301
303
305
307
319
321
323
327
333
337
342
344
346
350
351
354
355
359
362
363
366
368
370
372
375
378
380
382
384
387
389
391
394
396
400
403
406
408
424
427
432
433
436
439
442
443
445
448
450
454
458
462
467
469
471
473
475
477
481
483
488
490
492
494
498
502
505
507
510
511
514
516
519
521
524
528
534
537
540
542
544
547
549
557
558
560
565
567
570
571
574
577
579
582
583
586
588
594
600
602
604
606
610
616
620
624
627
629
635
638
644
652
654
657
658
663
664
667
670
672
673
677
678
684
686
689
692
694
697
700
701
704
707
708
714
719
721
727
732
734
739
740
742
746
750
758
760
766
771
773
775
776
778
783
784
788
790
792
796
806
808
818
820
827
829
832
835
839
841
843
853
860
868
870
871
874
876
878
882
886
888
898
900
902
906
908
913
915
916
919
923
928
931
940
942
946
950
952
954
956
958
973
974
976
982
985
987
989
991
992
993
996
999
