5
9
31
34
57
69
70
74
78
90
96
113
118
122
128
144
148
153
162
167
171
172
186
203
205
208
209
215
219
222
223
224
229
230
231
233
237
248
252
256
265
269
278
280
284
286
306
314
330
33
35
42
46
48
49
53
55
59
62
64
66
68
70
72
74
77
79
84
93
95
98
99
101
104
106
112
120
122
124
126
132
134
141
147
154
189
228
243
250
254
256
260
267
273
275
281
283
289
291
295
296
301
304
306
307
310
323
330
332
335
336
339
358
360
391
404
408
428
430
432
433
436
440
444
450
452
477
485
489
496
507
508
515
543
560
571
572
575
581
583
589
623
638
663
671
673
677
678
685
698
700
739
776
785
790
791
795
801
803
810
814
826
830
853
859
871
875
877
892
897
901
907
918
927
955
960
980
987
995
1008
1012
1025
1030
1048
1052
1063
1066
1074
1076
1096
1109
1118
1122
1125
1130
1132
1134
1140
1142
1166
1185
1187
1221
1256
1269
1271
1274
1281
1311
1321
1322
1344
1401
1406
1409
1417
1419
1435
1438
1444
1449
1451
1456
1473
1488
1499
1501
1503
1507
1508
1513
1515
1516
1521
1523
1524
1540
1548
1552
1556
1559
1564
1589
1596
1622
1634
1643
1647
1649
1655
1671
1680
1685
1695
1703
1713
1715
1721
1740
1744
1757
1758
1770
1783
1791
1795
1797
1801
1823
1843
1848
1849
1857
1884
1891
1899
1907
1916
1918
1931
1935
1939
1961
1970
2002
2004
2006
2016
2025
2027
2048
2052
2062
2072
2076
2077
2094
2099
2101
2105
2108
2118
2133
2143
2153
2159
2172
2183
2189
2191
2209
2235
2249
2254
2262
2307
2314
2325
2339
2346
2357
2365
2369
2371
2382
2388
2392
2395
2397
2402
2406
2408
2412
2415
2428
2435
2469
2476
2480
2484
2487
2496
2500
2502
2524
2525
2530
2532
2534
2539
2541
2543
2545
2549
2551
2553
2560
2568
2570
2574
2581
2585
2674
2680
2682
2683
2688
2693
2707
2719
2728
2739
2745
2755
2764
2768
2771
2777
2783
2790
2798
2818
2822
2840
2844
2847
2883
2889
2893
2905
2907
2917
2919
2921
2925
2946
2954
2962
2984
2990
2994
3020
3027
3034
3041
3044
3057
3064
3066
3073
3075
3081
3085
3087
3090
3096
3102
3130
3138
3147
3149
3161
3165
3171
3175
3177
3179
3183
3191
3200
3212
3226
3242
3276
3280
3285
3289
3298
3300
3307
3310
3325
3337
3342
3354
3361
3374
3388
3392
3402
3423
3425
3432
3463
3464
3466
3474
3485
3497
3500
3509
3519
3521
3523
3525
3530
3532
3545
3551
3564
3568
3571
3574
3582
3585
3587
3602
3603
3605
3615
3620
3651
3653
3666
3668
3670
3672
3676
3678
3683
3684
3686
3688
3692
3700
3702
3705
3715
3719
3722
3726
3728
3730
3738
3740
3756
3762
3769
3770
3777
3803
3810
3812
3813
3826
3830
3835
3840
3858
3860
3862
3866
3870
3875
3888
3895
3915
3921
3926
3931
3933
3947
3959
3966
3972
3991
4011
4023
4056
4072
4074
4079
4081
4092
4096
4130
4132
4136
4138
4151
4156
4169
4174
4180
