1
3
16
18
20
28
32
39
45
63
65
67
71
76
85
97
107
109
118
119
122
132
134
139
147
154
156
162
170
174
182
184
187
199
207
215
222
224
226
227
241
262
273
276
281
285
292
300
309
311
317
341
344
355
359
363
368
375
376
404
405
407
409
415
443
448
465
473
479
483
486
504
518
519
527
533
542
544
555
557
567
583
606
618
626
629
634
644
645
647
651
654
660
664
671
672
684
686
704
706
710
711
719
725
727
732
740
750
752
754
756
758
760
765
766
769
771
777
783
788
797
804
828
853
862
864
872
875
898
928
937
950
956
968
974
976
978
982
987
995
996
998
