0
2
6
10
12
14
19
23
24
27
29
33
35
37
41
43
46
47
49
51
53
55
58
61
64
66
73
75
78
80
81
86
88
93
96
99
101
104
105
108
110
111
114
116
121
123
125
129
131
133
135
137
141
145
148
149
151
155
157
158
160
161
163
164
167
168
176
178
181
188
190
192
194
195
198
200
201
204
206
208
212
216
219
220
225
230
233
234
239
243
244
247
248
251
253
254
255
257
264
266
268
269
270
272
274
278
280
282
284
286
288
290
295
296
299
303
307
312
315
320
323
326
328
329
331
335
339
343
348
349
352
353
357
365
367
369
374
377
379
381
384
387
389
391
394
396
399
400
403
406
408
410
413
414
416
420
422
426
427
429
432
434
435
438
439
441
446
447
451
452
456
460
464
466
468
470
472
478
482
485
487
489
491
495
497
499
501
502
507
510
511
514
521
530
532
534
536
537
540
543
546
547
549
552
553
558
559
561
563
566
568
569
576
578
580
581
585
587
589
593
594
597
600
602
604
609
610
613
621
623
625
627
630
631
633
637
639
640
642
646
648
650
652
656
662
669
674
675
677
680
688
692
694
696
697
700
703
705
708
715
717
721
723
729
731
733
734
739
741
742
745
747
749
751
753
755
761
762
764
768
770
772
776
780
782
786
790
793
794
796
798
800
806
808
811
813
817
818
820
823
825
827
832
835
837
841
843
847
851
855
857
861
863
866
869
870
873
874
880
882
887
890
894
903
904
909
910
912
914
918
920
922
924
926
932
936
938
940
943
944
947
948
955
957
960
962
964
970
972
975
977
980
984
986
988
